12 104.967 
13 106.302 
14 114.076 
15 122.038 
16 133.797 
17 134.305 
18 143.012 
19 149.552 
20 160.505 
21 157.372 
22 162.624 
23 161.699 
24 162.957 
25 153.31 
26 148.137 
27 144.611 
28 147.395 
29 137.647 
30 135.303 
31 129.984 
32 133.412 
33 129.271 
34 133.797 
35 130.703 
36 139.256 
37 131.826 
38 129.747 
39 124.884 
40 127.03 
41 114.711 
42 116.151 
43 113.5 
44 119.043 
45 113.559 
46 118.436 
47 118 
48 126.52 
49 122.502 
50 121.777 
51 119.642 
52 125.371 
53 118.877 
54 117.743 
55 116.367 
56 121.701 
57 119.68 
58 120.944 
59 120.118 
60 124.095 
61 118.721 
62 125.477 
63 128.295 
64 134.146 
65 139.754 
66 142.034 
67 144.475 
68 150.301 
69 149.958 
70 160.021 
71 167.237 
72 178.997 
73 177.007 
74 184.404 
75 160.733 
76 156.754 
77 141.434 
78 159.343 
79 179.822 
80 210.695 
81 189.046 
82 201.603 
83 207.54 
84 318.493 
85 343.876 
86 379.479 
87 409.727 
88 435.276 
89 437.103 
90 404.749 
91 401.54 
92 327.696 
93 322.001 
94 303.622 
95 250.043 
96 291.717 
97 225.029 
98 223.814 
99 249.745 
100 236.868 
101 221.222 
