12 143.249 
13 143.946 
14 166.597 
15 183.526 
16 206.317 
17 209.163 
18 227.604 
19 239.563 
20 248.389 
21 259.857 
22 253.557 
23 276.331 
24 285.37 
25 265.936 
26 254.957 
27 264.303 
28 274.306 
29 269.518 
30 261.764 
31 253.795 
32 263.924 
33 266.141 
34 252.371 
35 248.912 
36 259.668 
37 254.529 
38 258.62 
39 254.442 
40 272.106 
41 248.874 
42 249.09 
43 267.888 
44 279.416 
45 269.603 
46 267.022 
47 264.586 
48 271.301 
49 215.033 
50 195.753 
51 194.312 
52 205.378 
53 192.821 
54 214.687 
55 207.885 
56 217.707 
57 214.176 
58 269.206 
59 291.313 
60 447.466 
61 569.81 
62 599.748 
63 591.168 
64 627.21 
65 570.689 
66 561.736 
67 548.304 
68 513.438 
69 401.607 
70 414.243 
71 294.982 
72 289.292 
73 278.826 
74 296.075 
75 365.591 
76 378.476 
77 451.174 
78 480.839 
79 595.654 
80 669.925 
81 772.682 
82 746.346 
83 739.654 
84 749.95 
85 782.898 
86 825.517 
87 792.405 
88 767.32 
89 743.491 
90 731.752 
91 705.517 
92 708.054 
93 659.361 
94 657.907 
95 689.801 
96 670.575 
97 679.064 
98 624.14 
99 627.151 
100 660.592 
101 658.359 
