12 7.16477 12 45.3639 12 177.852 
13 7.18974 13 44.1703 13 157.183 
14 7.25745 14 44.7053 14 152.687 
15 7.30661 15 45.8927 15 153.281 
16 7.36823 16 45.6694 16 159.532 
17 7.44078 17 44.8628 17 148.572 
18 7.36854 18 45.564 18 151.824 
19 7.34278 19 45.4529 19 151.202 
20 7.45557 20 46.293 20 161.327 
21 7.26712 21 44.95 21 148.478 
22 7.41505 22 45.6636 22 152.28 
23 7.40434 23 46.058 23 151.201 
24 7.31363 24 45.6803 24 161.282 
25 7.09399 25 44.9213 25 149.496 
26 7.02035 26 44.2658 26 148.026 
27 6.97597 27 43.5318 27 144.017 
28 7.18877 28 44.1925 28 155.571 
29 7.1566 29 44.0127 29 143.299 
30 7.18253 30 43.4027 30 145.595 
31 6.84993 31 44.0792 31 142.777 
32 7.02175 32 43.3284 32 149.365 
33 7.17132 33 43.5033 33 139.974 
34 7.3624 34 42.7457 34 139.983 
35 7.23731 35 42.4532 35 139.425 
36 7.13429 36 44.8517 36 156.087 
37 7.03915 37 43.3794 37 141.901 
38 7.0175 38 43.4754 38 143.237 
39 6.81814 39 42.9609 39 141.184 
40 7.00113 40 43.9371 40 151.049 
41 6.7222 41 42.3831 41 136.829 
42 6.7345 42 42.9988 42 140.136 
43 6.79349 43 42.3721 43 138.736 
44 7.05187 44 42.2668 44 146.075 
45 6.70601 45 41.9687 45 135.242 
46 6.71667 46 41.807 46 138.575 
47 6.56783 47 41.3593 47 135.644 
48 6.60679 48 41.9593 48 146.083 
49 6.63229 49 40.9212 49 136.264 
50 6.6342 50 41.7252 50 139.009 
51 6.79017 51 41.1356 51 134.118 
52 6.80696 52 41.4394 52 143.983 
53 6.68462 53 40.2392 53 132.117 
54 6.61019 54 40.758 54 135.594 
55 6.88896 55 39.9442 55 131.226 
56 6.90681 56 41.296 56 142.513 
57 6.61021 57 39.0215 57 127.442 
58 6.34387 58 38.9098 58 131.561 
59 6.63439 59 38.7922 59 125.931 
60 6.4884 60 38.832 60 134.104 
61 6.43259 61 38.7097 61 124.981 
62 6.56898 62 39.185 62 128.444 
63 6.53005 63 38.9863 63 126.563 
64 6.23698 64 38.4638 64 132.955 
65 6.50408 65 40.159 65 135.662 
66 6.48878 66 40.0897 66 133.459 
67 6.49425 67 39.0446 67 127.161 
68 7.23993 68 41.3459 68 139.361 
69 7.30773 69 40.3909 69 130.294 
70 7.27684 70 41.6978 70 135.896 
71 7.75356 71 41.6446 71 131.9 
72 7.70307 72 43.065 72 144.112 
73 7.71212 73 42.2549 73 134.904 
74 7.40774 74 42.1936 74 137.019 
75 7.38175 75 42.874 75 136.863 
76 7.81991 76 43.8737 76 147.914 
77 7.77729 77 42.4971 77 140.856 
78 8.65774 78 45.8899 78 151.008 
79 9.2366 79 46.8456 79 150.634 
80 10.0895 80 50.1669 80 168.509 
81 10.0866 81 49.3651 81 159.252 
82 10.8076 82 49.7139 82 160.268 
83 11.024 83 51.2977 83 168.214 
84 11.0234 84 51.756 84 171.377 
85 11.3969 85 51.5244 85 163.204 
86 12.2725 86 53.5028 86 171.67 
87 12.2896 87 53.3455 87 165.964 
88 12.9 88 54.1931 88 173.438 
89 12.8865 89 53.7701 89 165.061 
90 12.8488 90 53.2966 90 170.764 
91 13.0848 91 52.801 91 163.026 
92 12.6679 92 51.7695 92 164.216 
93 13.0646 93 52.7718 93 166.65 
94 12.7431 94 52.1274 94 160.225 
95 13.855 95 52.7188 95 165.32 
96 12.1468 96 49.8356 96 156.871 
97 12.3085 97 50.3277 97 159.305 
98 10.6547 98 47.5981 98 153.345 
99 10.8278 99 47.5877 99 150.887 
100 10.1082 100 46.0455 100 146.487 
101 10.099 101 45.8339 101 145.825 
