12 1218.74 17.2717 7.76719 6.45193 
13 1245.05 17.1789 7.76293 6.46501 
14 1293.1 17.0145 7.76105 6.50186 
15 1333.41 16.8812 7.75979 6.53149 
16 1387.5 16.7085 7.76261 6.57772 
17 1393.16 16.6908 7.75745 6.57577 
18 1435.91 16.5595 7.75763 6.60076 
19 1448.42 16.5219 7.75564 6.60816 
20 1484.97 16.4136 7.75692 6.63199 
21 1489.92 16.3992 7.75267 6.63127 
22 1490.63 16.3971 7.75245 6.64094 
23 1481.71 16.4232 7.74861 6.63332 
24 1508.56 16.3452 7.75219 6.63774 
25 1484.3 16.4156 7.74606 6.61581 
26 1478.56 16.4324 7.74477 6.61382 
27 1477.13 16.4366 7.74391 6.6072 
28 1470.18 16.4571 7.74494 6.61339 
29 1439.74 16.548 7.74043 6.59472 
30 1420.5 16.6064 7.74063 6.5916 
31 1400 16.6695 7.73866 6.57502 
32 1387.97 16.707 7.73992 6.57347 
33 1357.49 16.8034 7.7353 6.54769 
34 1335.28 16.8751 7.73572 6.54155 
35 1315.12 16.9411 7.73504 6.52427 
36 1319.71 16.926 7.73905 6.54567 
37 1284.36 17.0439 7.73513 6.52292 
38 1270.12 17.0923 7.73264 6.52273 
39 1260.61 17.125 7.73079 6.5213 
40 1269.67 17.0939 7.73426 6.53716 
41 1248.39 17.1673 7.72882 6.5104 
42 1248.86 17.1657 7.7306 6.51716 
43 1237.83 17.2042 7.72865 6.50581 
44 1254 17.1478 7.7305 6.51733 
45 1241.8 17.1903 7.72626 6.50742 
46 1246.5 17.1739 7.72484 6.52086 
47 1240.98 17.1932 7.72119 6.51015 
48 1266.69 17.1041 7.72214 6.53766 
49 1256.4 17.1395 7.71761 6.53039 
50 1262.4 17.1188 7.71595 6.53394 
51 1262.86 17.1173 7.71249 6.54007 
52 1301.22 16.9873 7.71525 6.57441 
53 1308.57 16.9628 7.70812 6.56892 
54 1352.33 16.82 7.7087 6.59378 
55 1377.07 16.7412 7.70476 6.60172 
56 1413.32 16.6284 7.70669 6.62291 
57 1404.14 16.6567 7.70192 6.61998 
58 1442.96 16.5383 7.70172 6.63935 
59 1461.76 16.482 7.69707 6.64613 
60 1493.6 16.3885 7.69808 6.6718 
61 1479.52 16.4296 7.69179 6.65762 
62 1489.67 16.3999 7.68892 6.6702 
63 1476.83 16.4375 7.68698 6.65731 
64 1467.44 16.4652 7.68406 6.66881 
65 1435.46 16.5609 7.66533 6.63873 
66 1384.46 16.718 7.66207 6.63261 
67 1365.55 16.7777 7.65878 6.61461 
68 1326.75 16.9029 7.65849 6.61423 
69 1262.94 17.117 7.6567 6.58242 
70 1232.66 17.2224 7.65597 6.56545 
71 1181.42 17.4067 7.65311 6.52903 
72 1173.47 17.4361 7.65905 6.52436 
73 1148.12 17.5309 7.65765 6.50291 
74 1157.43 17.4959 7.65973 6.52237 
75 1159.12 17.4895 7.66213 6.53873 
76 1175.64 17.4281 7.6656 6.55936 
77 1164.51 17.4694 7.66251 6.5432 
78 1154.3 17.5076 7.66605 6.55208 
79 1158.73 17.491 7.66195 6.55128 
80 1185.34 17.3924 7.66783 6.58132 
81 1179.24 17.4148 7.66336 6.57449 
82 1195.62 17.3549 7.66305 6.58999 
83 1220.28 17.2662 7.66794 6.59577 
84 1227.92 17.2391 7.6675 6.60703 
85 1234.41 17.2162 7.66348 6.6053 
86 1256.96 17.1376 7.67046 6.63487 
87 1266.33 17.1053 7.67038 6.63368 
88 1276.78 17.0696 7.67417 6.66036 
89 1258.59 17.132 7.67237 6.64617 
90 1256.66 17.1386 7.67496 6.6635 
91 1199.57 17.3405 7.67632 6.64652 
92 1171.87 17.442 7.67279 6.64188 
93 1215.36 17.2838 7.67618 6.64785 
94 1194.63 17.3585 7.67157 6.62923 
95 1223.92 17.2533 7.67571 6.6552 
96 1197.07 17.3496 7.6792 6.638 
97 1220.29 17.2662 7.68158 6.64074 
98 1175.11 17.43 7.68051 6.61253 
99 1163.21 17.4742 7.68198 6.61835 
100 1124.52 17.6211 7.68561 6.59231 
101 1074.64 17.8182 7.69078 6.56246 
