12 918.453 
13 976.408 
14 1059.15 
15 1105.74 
16 1186.11 
17 1187.99 
18 1231.5 
19 1237.08 
20 1287.06 
21 1286.16 
22 1307.39 
23 1317.87 
24 1349.76 
25 1323.43 
26 1305.35 
27 1291.98 
28 1293.8 
29 1265.74 
30 1223.48 
31 1205.17 
32 1200.26 
33 1157.19 
34 1157.03 
35 1124.31 
36 1100.77 
37 1048.12 
38 1034.71 
39 1020.69 
40 1030.9 
41 1003.61 
42 999.418 
43 1011.36 
44 1035.83 
45 1024.23 
46 1039.79 
47 1027.89 
48 1050.24 
49 1058.42 
50 1064.25 
51 1090.29 
52 1107.74 
53 1103.63 
54 1166.44 
55 1182.71 
56 1201.89 
57 1230.98 
58 1268.29 
59 1297.28 
60 1365.33 
61 1347.63 
62 1361.66 
63 1378.99 
64 1357.36 
65 1271.63 
66 1230.37 
67 1184.96 
68 1154.77 
69 1084.53 
70 1072.33 
71 1052.36 
72 1057.86 
73 1038.03 
74 1035.22 
75 1033.27 
76 1048.19 
77 1034.16 
78 1025.81 
79 1047.3 
80 1055.41 
81 1075.08 
82 1060.72 
83 1089.53 
84 1099.72 
85 1105.25 
86 1148.96 
87 1138.08 
88 1162.13 
89 1170.05 
90 1123.21 
91 1082.01 
92 1072.25 
93 1078.52 
94 1111.09 
95 1238.31 
96 1258.86 
97 1281.23 
98 1253.03 
99 1255.35 
100 1211.56 
101 1034.89 
