12 528.018 12 807.725 12 1218.74 
13 592.423 13 864.47 13 1245.05 
14 644.092 14 919.163 14 1293.1 
15 692.473 15 960.861 15 1333.41 
16 727.364 16 1007.67 16 1387.5 
17 744.764 17 1029.18 17 1393.16 
18 774.499 18 1046.5 18 1435.91 
19 781.248 19 1045.31 19 1448.42 
20 806.393 20 1082.25 20 1484.97 
21 821.477 21 1103.24 21 1489.92 
22 811.776 22 1105.67 22 1490.63 
23 809.565 23 1106.66 23 1481.71 
24 834.271 24 1110.14 24 1508.56 
25 837.186 25 1116.96 25 1484.3 
26 828.751 26 1108.53 26 1478.56 
27 812.334 27 1098.32 27 1477.13 
28 794.541 28 1086 28 1470.18 
29 790.416 29 1075.67 29 1439.74 
30 785.291 30 1049.07 30 1420.5 
31 777.649 31 1044.22 31 1400 
32 762.226 32 1021.97 32 1387.97 
33 736.481 33 1007.61 33 1357.49 
34 726.459 34 989.828 34 1335.28 
35 704.237 35 966.122 35 1315.12 
36 685.325 36 949.222 36 1319.71 
37 660.855 37 931.987 37 1284.36 
38 654.671 38 923.915 38 1270.12 
39 637.879 39 913.97 39 1260.61 
40 636.637 40 911.137 40 1269.67 
41 633.751 41 895.916 41 1248.39 
42 630.575 42 894.494 42 1248.86 
43 615.634 43 885.192 43 1237.83 
44 629.313 44 896.241 44 1254 
45 637.498 45 907.572 45 1241.8 
46 644.35 46 909.736 46 1246.5 
47 647.074 47 907.559 47 1240.98 
48 651.235 48 915.253 48 1266.69 
49 661.366 49 916.066 49 1256.4 
50 666.527 50 920.158 50 1262.4 
51 675.67 51 922.75 51 1262.86 
52 702.506 52 961.436 52 1301.22 
53 726.771 53 985.795 53 1308.57 
54 746.093 54 1027.78 54 1352.33 
55 784.692 55 1056.41 55 1377.07 
56 792.584 56 1084.15 56 1413.32 
57 820.413 57 1090.42 57 1404.14 
58 839.933 58 1122.72 58 1442.96 
59 857.777 59 1145.21 59 1461.76 
60 883.26 60 1171.72 60 1493.6 
61 881.826 61 1164.12 61 1479.52 
62 867.706 62 1162.33 62 1489.67 
63 859.767 63 1176.67 63 1476.83 
64 859.126 64 1153.69 64 1467.44 
65 815.589 65 1114.19 65 1435.46 
66 775.846 66 1072.87 66 1384.46 
67 763.587 67 1054.94 67 1365.55 
68 734.459 68 1012.17 68 1326.75 
69 705.142 69 968.419 69 1262.94 
70 688.044 70 922.725 70 1232.66 
71 649.191 71 876.97 71 1181.42 
72 653.69 72 861.435 72 1173.47 
73 642.556 73 851.751 73 1148.12 
74 656.185 74 851.956 74 1157.43 
75 648.949 75 854.46 75 1159.12 
76 657.181 76 863.554 76 1175.64 
77 645.266 77 857.249 77 1164.51 
78 659.312 78 855.437 78 1154.3 
79 697.262 79 867.559 79 1158.73 
80 693.18 80 861.335 80 1185.34 
81 710.293 81 884.091 81 1179.24 
82 721.087 82 886.263 82 1195.62 
83 746.773 83 919.388 83 1220.28 
84 747.176 84 935.483 84 1227.92 
85 758.208 85 953.178 85 1234.41 
86 801.22 86 990.067 86 1256.96 
87 787.572 87 988.208 87 1266.33 
88 826.338 88 1008.32 88 1276.78 
89 835.896 89 997.112 89 1258.59 
90 838.696 90 984.433 90 1256.66 
91 813.654 91 952.67 91 1199.57 
92 794.407 92 916.24 92 1171.87 
93 807.034 93 946.414 93 1215.36 
94 820.371 94 949.185 94 1194.63 
95 889.363 95 976.67 95 1223.92 
96 834.571 96 942.802 96 1197.07 
97 896.665 97 991.223 97 1220.29 
98 828.501 98 942.634 98 1175.11 
99 854.965 99 944.799 99 1163.21 
100 794.11 100 903.79 100 1124.52 
101 724.872 101 838.537 101 1074.64 
