12 349.626 
13 347.054 
14 363.426 
15 376.317 
16 406.908 
17 402.139 
18 421.626 
19 427.837 
20 454.443 
21 447.86 
22 453.051 
23 451.728 
24 464.109 
25 446.902 
26 443.793 
27 434.596 
28 440.458 
29 420.253 
30 411.789 
31 399.507 
32 405.697 
33 388.136 
34 385.297 
35 374.3 
36 388.964 
37 365.527 
38 366.03 
39 358.357 
40 369.767 
41 349.949 
42 350.908 
43 345.279 
44 355.103 
45 340.061 
46 343.723 
47 338.465 
48 351.177 
49 338.284 
50 338.99 
51 337.789 
52 353.196 
53 342.748 
54 354.374 
55 355.416 
56 371.342 
57 360.641 
58 374.468 
59 376.841 
60 395.092 
61 381.008 
62 391.825 
63 389.839 
64 401.08 
65 383.36 
66 368.151 
67 356.93 
68 362.946 
69 342.571 
70 345.88 
71 338.605 
72 351.025 
73 338.547 
74 347.84 
75 355.638 
76 373.561 
77 369.44 
78 379.656 
79 398.532 
80 422.468 
81 410.717 
82 419.054 
83 435.496 
84 437.497 
85 432.953 
86 452.718 
87 450.488 
88 472.631 
89 467.021 
90 463.955 
91 443.451 
92 432.754 
93 461.983 
94 482.891 
95 539.019 
96 545.241 
97 567.71 
98 556.313 
99 549.974 
100 502.104 
101 447.241 
